5-01       19229025.824    3374987.099     275.000
5-02       19228789.132    3375263.110     306.000
5-03       19228265.201    3375842.315     307.000
5-04       19228041.180    3376110.627     312.000
5-05       19227708.146    3376503.782     366.000
5-06       19227386.727    3376848.558     388.000
5-07       19227063.453    3377182.292     420.000
5-08       19226362.367    3378161.974     675.000
5-09       19226094.201    3378327.852     637.000
5-10       19225882.702    3378706.904     667.000
5-11       19225488.684    3379279.290     613.000
5-12       19225166.287    3379705.575     572.000
5-13       19224920.735    3379813.561     512.000
5-14       19224739.119    3380042.032     476.000
5-15C      19223799.518    3381137.145     530.000
5-16       19223497.472    3381289.163     487.000
5-17       19223197.754    3381970.251     469.000
5-18       19222865.018    3382235.929     456.000
5-19       19222508.145    3382746.451     364.000
5-20       19222304.780    3382934.829     353.000
5-21       19221730.091    3383504.630     317.000
5-22       19221700.438    3383845.812     370.000
5-23       19221062.135    3384243.384     103.000
5-24       19220864.217    3384516.760     320.000
5-25       19220685.357    3384721.194     308.000
5-26       19219978.351    3385677.506     628.000
5-27       19219781.278    3385919.433     645.000
5-28       19219442.720    3386261.246     652.000
5-29       19219227.125    3386590.624     627.000